26.778698 34.25415
16.208464 nan
7.013571 8.971758
10.927065 3.6817327
1.5122367 1.2317771
4.596986 6.243551
11.347239 6.283864
1.4014913 5.2798796
4.7445226 12.221234
3.6922598 1.6728649
3.0393016 6.1981616
2.9859145 1.1216578
5.8598366 3.710585
7.1147556 3.3015513
3.7228477 4.5039835
2.3174431 4.2611117
2.4135704 3.3053765
1.9901117 4.2579317
5.9710164 1.1177745
2.8292181 1.5924784
3.411939 1.0780742
3.36374 2.3000484
5.029663 0.30599535
0.7608757 1.2092942
0.44246328 2.3480108
2.1505105 1.7557758
2.6462004 2.005444
2.7890437 4.014978
3.3450027 0.80524266
0.55235815 5.8668776
0.34740335 2.6159024
1.291759 5.502615
1.5575826 3.9598844
2.4596276 2.0203648
2.2024474 2.0959184
1.5699706 1.3985062
1.1942728 5.84683
2.1215973 8.369066
0.5906172 1.7609673
1.6982899 1.4622663
1.9064724 0.63861495
0.61569166 0.75208247
1.0089682 2.456057
0.7445512 5.6671405
1.6666528 1.4590552
1.1731011 2.4414196
0.5240724 5.118552
2.1495488 1.075604
1.8585944 0.90770787
0.5193124 3.801276
