Non 0.9111 189 768 221 802
Non 0.8828 1152 1027 1192 1082
Non 0.8441 1095 1025 1137 1079
Non 0.7551 56 896 88 929
Non 0.7547 181 903 214 937
Non 0.7074 1041 871 1086 937
Non 0.6142 62 762 94 794
Non 0.5638 1029 1022 1075 1086
Non 0.5541 114 996 148 1030
Non 0.4522 1920 996 1940 1036
Non 0.3628 970 940 1018 1004
RRTS 0.9157 1099 952 1141 1011
RRTS 0.8416 1105 879 1146 943
RRTS 0.8344 1034 944 1081 1008
RRTS 0.8314 966 857 1018 925
RRTS 0.7466 1158 958 1196 1017
RRTS 0.6533 964 940 1013 1002
RRTS 0.6509 1032 1020 1078 1082
RRTS 0.5773 960 1023 1008 1085
RRTS 0.5555 132 640 164 672
RRTS 0.4501 1162 890 1200 948
